ProductWithAN158420|0.045|0.095|0.205|1|1|1|6
ProductWithAN341346|0.065|0.255|0.049|2|2|1|6
ProductWithAN157947|0.028|0.111|0.17|3|3|1|6
ProductWithAN363155|0.027|0.155|0.12|3|3|1|6
ProductWithAN182874|0.02|0.22|0.183|4|4|1|6
ProductWithAN396873|0.021|0.225|0.116|4|4|1|6
ProductWithAN007017|0.019|0.255|0.185|5|5|1|6
ProductWithAN519552|0.022|0.21|0.155|5|5|1|6
ProductWithAN155961|0.01|0.18|0.13|6|6|1|6
ProductWithAN045783|0.072|0.107|0.268|3|3|1|7
ProductWithAN334151|0.092|0.095|0.205|3|3|1|6
ProductWithAN006978|0.024|0.2|0.18|4|4|1|6
ProductWithAN403852|0.023|0.175|0.115|6|6|1|6
ProductWithAN436604|0.005|0.225|0.116|6|6|1|6
ProductWithAN137004|0.02|0.26|0.15|6|6|1|6
ProductWithAN006962|0.026|0.25|0.2|6|6|1|6
ProductWithAN256502|0.034|0.172|0.065|1|1|1|15
ProductWithAN476951|0.04|0.115|0.046|4|4|1|15
ProductWithAN476935|0.04|0.115|0.046|4|4|1|15
ProductWithAN522602|0.034|0.117|0.034|4|4|1|15
ProductWithAN278867|0.06|0.053|0.06|5|5|1|15
ProductWithAN544788|0.07|0.092|0.092|1|1|1|17
ProductWithAN512036|0.07|0.092|0.092|1|1|1|17
ProductWithAN553735|0.049|0.21|0.068|1|1|1|17
ProductWithAN553736|0.049|0.21|0.068|1|1|1|17
ProductWithAN553726|0.049|0.21|0.068|1|1|1|17
ProductWithAN553715|0.049|0.21|0.068|1|1|1|17
